00000000
00000000
00000000
00100000
00000000
00000000
00000000
00100100
00000000
00000000
00000000
00100111
00000000
00000000
00000000
00100101
00000000
00000000
00000000
00101010
00100000
00000000
00000000
00001101
00100100
00000000
00000000
00000110
00110000
00000000
00000000
00001000
00110100
00000000
00000000
00001000
00101000
00000000
00000000
00001001
10001100
00000000
00000000
00000010
00001001
00000100
00000000
00010000
00010100
00000000
00000000
00001001
00010000
00000000
00000000
00001001
00001100
00000000
00000000
00001001
00001000
00000000
00000000
00001001
00011100
00000000
00000000
00001001
00000000
00000000
00000000
00100000
00011100
00000000
00000000
00000000
00000000
00000000
00000000
00100010
00000000
00000000
00000000
00100000
00000000
00000000
00000000
00100000
00000000
00000000
00000000
00100000
00000000
00000000
00000000
00100000
00000000
00000000
00000000
00100000
00000000
00000000
00000000
00100000
00000000
00000000
00000000
00100000
00000000
00000000
00000000
00100000
00000000
00000000
00000000
00100000
00000000
00000000
00000000
00100000
00000000
00000000
00000000
00100000
00000000
00000000
00000000
00100000
00000000
00000000
00000000
00100000
00001100
00000000
00000000
00000111
00000000
00000000
00000000
00100000
00000000
00000000
00000000
00100000
00000000
00000000
00000000
00100000
00000000
00000000
00000000
00100000
00000000
00000000
00000000
00100000
00000000
00000000
00000000
00100000
00000000
00000000
00000000
00100000
00000000
00000000
00000000
00100000
00000000
00000000
00000000
00100000
00000000
00000000
00000000
00100000
00000000
00000000
00000000
00100000
00000000
00000000
00000000
00100000
00000000
00000000
00000000
00100000
00000000
00000000
00000000
00100000
00000000
00000000
00000000
00100000
00000000
00000000
00000000
00100000
00000000
00000000
00000000
00100000
00000000
00000000
00000000
00100000
00000000
00000000
00000000
00100000
00000000
00000000
00000000
00100000
00000000
00000000
00000000
00100000
00000000
00000000
00000000
00100000
00000000
00000000
00000000
00100000
00000000
00000000
00000000
00100000
00000000
00000000
00000000
00100000
00000000
00000000
00000000
00100000
00000000
00000000
00000000
00100000
00000000
00000000
00000000
00100000
00000000
00000000
00000000
00100000
00000000
00000000
00000000
00100000